mode provider inter_request_ms num_msgs elapsed_us msg_send_time req_latency_us req_orderedness
Ordered:5 aws 25 200 0 418 45473 0
Ordered:5 aws 25 200 0 53848 20685 0
Ordered:5 aws 25 200 0 95479 27110 0
Ordered:5 aws 25 200 0 148002 11724 0
Ordered:5 aws 25 200 0 181198 11413 0
Ordered:5 aws 25 200 0 213617 11345 0
Ordered:5 aws 25 200 0 244432 23749 0
Ordered:5 aws 25 200 0 289221 10429 0
Ordered:5 aws 25 200 0 320652 9303 0
Ordered:5 aws 25 200 0 353020 11116 0
Ordered:5 aws 25 200 0 386217 9255 0
Ordered:5 aws 25 200 0 416584 11539 0
Ordered:5 aws 25 200 0 450083 10878 0
Ordered:5 aws 25 200 0 482252 11610 0
Ordered:5 aws 25 200 0 513870 13158 0
Ordered:5 aws 25 200 0 547141 9799 0
Ordered:5 aws 25 200 0 579081 10098 0
Ordered:5 aws 25 200 0 611224 19784 0
Ordered:5 aws 25 200 0 651371 8811 0
Ordered:5 aws 25 200 0 683287 10600 0
Ordered:5 aws 25 200 0 716025 11753 0
Ordered:5 aws 25 200 0 749886 12732 0
Ordered:5 aws 25 200 0 781650 11797 0
Ordered:5 aws 25 200 0 813272 12388 0
Ordered:5 aws 25 200 0 845655 11543 0
Ordered:5 aws 25 200 0 879227 56517 0
Ordered:5 aws 25 200 0 953924 14140 0
Ordered:5 aws 25 200 0 989096 14902 0
Ordered:5 aws 25 200 0 1024980 10691 0
Ordered:5 aws 25 200 0 1057009 11779 0
Ordered:5 aws 25 200 0 1088756 11684 0
Ordered:5 aws 25 200 0 1121460 10325 0
Ordered:5 aws 25 200 0 1152981 38235 0
Ordered:5 aws 25 200 0 1188958 37969 0
Ordered:5 aws 25 200 0 1223851 30355 0
Ordered:5 aws 25 200 0 1276327 12970 0
Ordered:5 aws 25 200 0 1309293 106267 0
Ordered:5 aws 25 200 0 1436562 12794 0
Ordered:5 aws 25 200 0 1467483 15387 0
Ordered:5 aws 25 200 0 1498875 11920 0
Ordered:5 aws 25 200 0 1531800 13498 0
Ordered:5 aws 25 200 0 1564305 11186 0
Ordered:5 aws 25 200 0 1596578 12390 0
Ordered:5 aws 25 200 0 1629992 10849 0
Ordered:5 aws 25 200 0 1663291 63179 0
Ordered:5 aws 25 200 0 1743462 10589 0
Ordered:5 aws 25 200 0 1776162 11946 0
Ordered:5 aws 25 200 0 1808191 14163 0
Ordered:5 aws 25 200 0 1843477 53178 0
Ordered:5 aws 25 200 0 1916712 9596 0
Ordered:5 aws 25 200 0 1947365 13057 0
Ordered:5 aws 25 200 0 1978533 11822 0
Ordered:5 aws 25 200 0 2011351 13657 0
Ordered:5 aws 25 200 0 2045431 10309 0
Ordered:5 aws 25 200 0 2078795 10967 0
Ordered:5 aws 25 200 0 2116548 11122 0
Ordered:5 aws 25 200 0 2148714 11605 0
Ordered:5 aws 25 200 0 2181384 40696 0
Ordered:5 aws 25 200 0 2243644 26004 0
Ordered:5 aws 25 200 0 2280550 14215 0
Ordered:5 aws 25 200 0 2311758 17626 0
Ordered:5 aws 25 200 0 2343353 10560 0
Ordered:5 aws 25 200 0 2374934 13648 0
Ordered:5 aws 25 200 0 2411902 10731 0
Ordered:5 aws 25 200 0 2445358 10357 0
Ordered:5 aws 25 200 0 2478278 11030 0
Ordered:5 aws 25 200 0 2509317 10353 0
Ordered:5 aws 25 200 0 2540810 13221 0
Ordered:5 aws 25 200 0 2573045 10207 0
Ordered:5 aws 25 200 0 2604366 10279 0
Ordered:5 aws 25 200 0 2636623 11728 0
Ordered:5 aws 25 200 0 2669458 10152 0
Ordered:5 aws 25 200 0 2701778 84232 0
Ordered:5 aws 25 200 0 2807101 10376 0
Ordered:5 aws 25 200 0 2838828 32857 0
Ordered:5 aws 25 200 0 2892692 43852 0
Ordered:5 aws 25 200 0 2954548 13174 0
Ordered:5 aws 25 200 0 2987721 10437 0
Ordered:5 aws 25 200 0 3020749 10100 0
Ordered:5 aws 25 200 0 3052913 15402 0
Ordered:5 aws 25 200 0 3087329 17000 0
Ordered:5 aws 25 200 0 3120392 11402 0
Ordered:5 aws 25 200 0 3152838 16022 0
Ordered:5 aws 25 200 0 3189953 10430 0
Ordered:5 aws 25 200 0 3222390 10663 0
Ordered:5 aws 25 200 0 3256193 13374 0
Ordered:5 aws 25 200 0 3290572 70979 0
Ordered:5 aws 25 200 0 3323062 51797 0
Ordered:5 aws 25 200 0 3355493 33929 0
Ordered:5 aws 25 200 0 3389323 20117 0
Ordered:5 aws 25 200 0 3420422 32213 0
Ordered:5 aws 25 200 0 3473495 11759 0
Ordered:5 aws 25 200 0 3505345 11600 0
Ordered:5 aws 25 200 0 3536963 10672 0
Ordered:5 aws 25 200 0 3568752 14731 0
Ordered:5 aws 25 200 0 3601503 11764 0
Ordered:5 aws 25 200 0 3632354 16344 0
Ordered:5 aws 25 200 0 3668747 12340 0
Ordered:5 aws 25 200 0 3701626 14902 0
Ordered:5 aws 25 200 0 3732505 14195 0
Ordered:5 aws 25 200 0 3765008 10599 0
Ordered:5 aws 25 200 0 3797094 54184 0
Ordered:5 aws 25 200 0 3861315 28049 0
Ordered:5 aws 25 200 0 3898364 39719 0
Ordered:5 aws 25 200 0 3941088 25482 0
Ordered:5 aws 25 200 0 4017693 28826 0.005
Ordered:5 aws 25 200 0 4053449 45351 0.005
Ordered:5 aws 25 200 0 3980562 138259 0.01
Ordered:5 aws 25 200 0 4089615 39110 0
Ordered:5 aws 25 200 0 4125837 44645 0
Ordered:5 aws 25 200 0 4162475 34897 0
Ordered:5 aws 25 200 0 4199729 55819 0
Ordered:5 aws 25 200 0 4260534 31783 0
Ordered:5 aws 25 200 0 4298669 27642 0
Ordered:5 aws 25 200 0 4334436 33056 0
Ordered:5 aws 25 200 0 4369340 27162 0
Ordered:5 aws 25 200 0 4409402 33121 0
Ordered:5 aws 25 200 0 4448569 28189 0
Ordered:5 aws 25 200 0 4483759 25930 0
Ordered:5 aws 25 200 0 4519624 55522 0
Ordered:5 aws 25 200 0 4556172 31031 0
Ordered:5 aws 25 200 0 4597283 31808 0
Ordered:5 aws 25 200 0 4640244 32614 0
Ordered:5 aws 25 200 0 4679788 35426 0
Ordered:5 aws 25 200 0 4718233 31646 0
Ordered:5 aws 25 200 0 4756879 28779 0
Ordered:5 aws 25 200 0 4794632 35380 0
Ordered:5 aws 25 200 0 4832989 27111 0
Ordered:5 aws 25 200 0 4870112 32228 0
Ordered:5 aws 25 200 0 4906301 29771 0
Ordered:5 aws 25 200 0 4943143 26078 0
Ordered:5 aws 25 200 0 4983404 27587 0
Ordered:5 aws 25 200 0 5020941 32230 0
Ordered:5 aws 25 200 0 5056134 36147 0
Ordered:5 aws 25 200 0 5094322 27539 0
Ordered:5 aws 25 200 0 5132943 36844 0
Ordered:5 aws 25 200 0 5169541 56282 0
Ordered:5 aws 25 200 0 5212988 32455 0
Ordered:5 aws 25 200 0 5251886 30342 0
Ordered:5 aws 25 200 0 5291130 30203 0
Ordered:5 aws 25 200 0 5328324 35300 0
Ordered:5 aws 25 200 0 5368617 45990 0
Ordered:5 aws 25 200 0 5405015 31616 0
Ordered:5 aws 25 200 0 5440616 46792 0
Ordered:5 aws 25 200 0 5481242 26703 0
Ordered:5 aws 25 200 0 5519927 28913 0
Ordered:5 aws 25 200 0 5556793 27668 0
Ordered:5 aws 25 200 0 5591464 28169 0
Ordered:5 aws 25 200 0 5629621 31969 0
Ordered:5 aws 25 200 0 5669587 60498 0
Ordered:5 aws 25 200 0 5709068 40366 0
Ordered:5 aws 25 200 0 5758426 56477 0
Ordered:5 aws 25 200 0 5824221 52126 0
Ordered:5 aws 25 200 0 5884404 37770 0
Ordered:5 aws 25 200 0 5923173 27403 0
Ordered:5 aws 25 200 0 5959609 30451 0
Ordered:5 aws 25 200 0 5995033 25409 0
Ordered:5 aws 25 200 0 6030513 74513 0
Ordered:5 aws 25 200 0 6116402 34880 0
Ordered:5 aws 25 200 0 6153260 47423 0
Ordered:5 aws 25 200 0 6190306 30724 0
Ordered:5 aws 25 200 0 6228335 86262 0
Ordered:5 aws 25 200 0 6293013 52208 0
Ordered:5 aws 25 200 0 6338445 36018 0
Ordered:5 aws 25 200 0 6380621 28428 0
Ordered:5 aws 25 200 0 6418017 32755 0
Ordered:5 aws 25 200 0 6456840 29981 0
Ordered:5 aws 25 200 0 6491868 30214 0
Ordered:5 aws 25 200 0 6526500 27755 0
Ordered:5 aws 25 200 0 6562266 33355 0
Ordered:5 aws 25 200 0 6598584 31467 0
Ordered:5 aws 25 200 0 6636029 36166 0
Ordered:5 aws 25 200 0 6676172 31572 0
Ordered:5 aws 25 200 0 6714774 41800 0
Ordered:5 aws 25 200 0 6752286 22616 0
Ordered:5 aws 25 200 0 6788910 65944 0
Ordered:5 aws 25 200 0 6859968 28192 0
Ordered:5 aws 25 200 0 6899241 28012 0
Ordered:5 aws 25 200 0 6937312 25819 0
Ordered:5 aws 25 200 0 6974106 58101 0
Ordered:5 aws 25 200 0 7038210 31341 0
Ordered:5 aws 25 200 0 7075619 27756 0
Ordered:5 aws 25 200 0 7110343 55562 0
Ordered:5 aws 25 200 0 7170872 35792 0
Ordered:5 aws 25 200 0 7206492 35659 0
Ordered:5 aws 25 200 0 7246115 59761 0
Ordered:5 aws 25 200 0 7288566 28981 0
Ordered:5 aws 25 200 0 7324535 46046 0
Ordered:5 aws 25 200 0 7373579 69178 0
Ordered:5 aws 25 200 0 7413746 52475 0
Ordered:5 aws 25 200 0 7468597 30977 0
Ordered:5 aws 25 200 0 7508569 33581 0
Ordered:5 aws 25 200 0 7546101 28863 0
Ordered:5 aws 25 200 0 7582794 27229 0
Ordered:5 aws 25 200 0 7617999 29991 0
Ordered:5 aws 25 200 0 7652951 25994 0
Ordered:5 aws 25 200 0 7690934 32642 0
Ordered:5 aws 25 200 0 7727530 26665 0
Ordered:5 aws 25 200 0 7764347 31731 0
Ordered:5 aws 25 200 0 7802057 32844 0
